##List of files that don't work

exclusion <- c("ID370" , "ID404" , "ID541" , "ID542" , "ID1388" , "ID1395" , "ID1631" , "ID1753" , "ID1958" , "ID2953" , "ID3127" ,
               "ID3284" , "ID3632" , "ID3843" ,"ID3899")
